[links]:1292
71738,6520,6383
6071738,6383,6520
2072025,1764,1775
8072025,1775,1764
2072026,1764,1636
8072026,1636,1764
2072055,1515,1492
8072055,1492,1515
2072056,1515,1636
8072056,1636,1515
2072057,1515,1534
8072057,1534,1515
2072093,1657,1636
8072093,1636,1657
72174,3553,3556
6072174,3556,3553
2072175,4530,4826
8072175,4826,4530
72176,4548,4548
6072176,4548,4548
72177,4790,4548
6072177,4548,4790
72178,7586,7423
6072178,7423,7586
72179,7554,7501
6072179,7501,7554
72180,3113,3553
6072180,3553,3113
72181,7527,7401
6072181,7401,7527
72182,7554,7586
6072182,7586,7554
72183,6191,6178
6072183,6178,6191
72184,6011,6096
6072184,6096,6011
72185,3553,3548
6072185,3548,3553
72186,5530,5686
6072186,5686,5530
2072191,5930,5839
8072191,5839,5930
2072192,5930,6028
8072192,6028,5930
72193,7428,7500
6072193,7500,7428
72194,7500,7527
6072194,7527,7500
72195,7527,7539
6072195,7539,7527
72196,3247,3089
6072196,3089,3247
72197,4335,4322
6072197,4322,4335
72198,4331,4534
6072198,4534,4331
72199,4441,4450
6072199,4450,4441
72200,4450,4331
6072200,4331,4450
72201,4331,4261
6072201,4261,4331
72202,4261,4252
6072202,4252,4261
72203,4252,4312
6072203,4312,4252
72204,4312,4304
6072204,4304,4312
72205,4304,4335
6072205,4335,4304
72206,4335,4120
6072206,4120,4335
72207,4068,4312
6072207,4312,4068
72208,3777,4068
6072208,4068,3777
72209,3592,3777
6072209,3777,3592
72210,3419,3592
6072210,3592,3419
72211,3228,3419
6072211,3419,3228
72212,3117,3228
6072212,3228,3117
72213,2851,3117
6072213,3117,2851
72214,3053,2851
6072214,2851,3053
72215,4304,4134
6072215,4134,4304
2072216,3004,3025
8072216,3025,3004
72217,2949,3004
6072217,3004,2949
72218,2922,2949
6072218,2949,2922
72219,2889,2922
6072219,2922,2889
2072220,2994,3086
8072220,3086,2994
2072221,8529,8302
8072221,8302,8529
2072222,8302,7963
8072222,7963,8302
72223,3803,3777
6072223,3777,3803
2072224,8018,8306
8072224,8306,8018
72225,7890,7916
6072225,7916,7890
2072228,2890,2996
8072228,2996,2890
2072229,2890,2974
8072229,2974,2890
2072230,2830,2890
8072230,2890,2830
72231,6789,7089
6072231,7089,6789
2072232,2903,2913
8072232,2913,2903
72237,7519,7319
6072237,7319,7519
72238,3787,3722
6072238,3722,3787
72239,3787,3611
6072239,3611,3787
72240,3907,3787
6072240,3787,3907
72241,3753,3907
6072241,3907,3753
72243,2837,2713
6072243,2713,2837
72244,6056,6191
6072244,6191,6056
72245,5773,5935
6072245,5935,5773
72246,3117,3247
6072246,3247,3117
72247,3247,3290
6072247,3290,3247
72248,6630,6590
6072248,6590,6630
72249,6630,6704
6072249,6704,6630
72250,6684,6682
6072250,6682,6684
72251,6684,6704
6072251,6704,6684
72252,6704,6769
6072252,6769,6704
72253,6769,6830
6072253,6830,6769
72254,4956,4515
6072254,4515,4956
72255,4515,4393
6072255,4393,4515
72256,4515,4495
6072256,4495,4515
72257,6089,6082
6072257,6082,6089
72258,6082,5593
6072258,5593,6082
72259,6370,6089
6072259,6089,6370
2072261,8808,8500
8072261,8500,8808
2072262,8500,8207
8072262,8207,8500
72263,8207,8131
6072263,8131,8207
72264,8131,7888
6072264,7888,8131
72265,7888,7449
6072265,7449,7888
72266,7449,7423
6072266,7423,7449
72267,7423,7269
6072267,7269,7423
72268,7269,6842
6072268,6842,7269
72269,6842,6694
6072269,6694,6842
72270,6694,6692
6072270,6692,6694
72271,6692,6628
6072271,6628,6692
72272,6628,6511
6072272,6511,6628
72273,6511,6370
6072273,6370,6511
72274,6144,6125
6072274,6125,6144
72275,6482,6144
6072275,6144,6482
72276,6125,6065
6072276,6065,6125
72277,1989,2120
6072277,2120,1989
2072278,2108,2046
8072278,2046,2108
72279,7982,7792
6072279,7792,7982
72280,7792,7632
6072280,7632,7792
2072281,8561,8658
8072281,8658,8561
72282,4721,4732
6072282,4732,4721
2072285,4512,4530
8072285,4530,4512
2072286,4530,4596
8072286,4596,4530
2072287,4596,4646
8072287,4646,4596
72288,4646,4650
6072288,4650,4646
72289,4650,4665
6072289,4665,4650
72290,4665,4700
6072290,4700,4665
72291,4700,4721
6072291,4721,4700
72292,4732,4790
6072292,4790,4732
72293,4790,4827
6072293,4827,4790
72294,4827,4848
6072294,4848,4827
72295,4848,4956
6072295,4956,4848
72296,4956,5184
6072296,5184,4956
72297,5184,5262
6072297,5262,5184
72298,5262,5542
6072298,5542,5262
72299,5542,5699
6072299,5699,5542
72300,5699,6056
6072300,6056,5699
72301,6056,6235
6072301,6235,6056
72302,6490,6782
6072302,6782,6490
72303,6782,6911
6072303,6911,6782
72304,6911,7296
6072304,7296,6911
72305,7296,7428
6072305,7428,7296
72306,7428,7518
6072306,7518,7428
72307,7518,7678
6072307,7678,7518
72308,7678,7748
6072308,7748,7678
72309,7748,8027
6072309,8027,7748
2072310,8027,8561
8072310,8561,8027
72311,6216,6075
6072311,6075,6216
72312,6075,5937
6072312,5937,6075
72313,5937,5210
6072313,5210,5937
72314,5403,5323
6072314,5323,5403
72315,5235,5323
6072315,5323,5235
72316,5323,5379
6072316,5379,5323
2072317,7762,7551
8072317,7551,7762
2072318,7551,7030
8072318,7030,7551
2072319,7584,7397
8072319,7397,7584
2072320,7551,7584
8072320,7584,7551
72322,3409,3419
6072322,3419,3409
72323,7417,7171
6072323,7171,7417
72326,6842,7025
6072326,7025,6842
72327,7193,7284
6072327,7284,7193
72328,4827,5271
6072328,5271,4827
72329,5542,5235
6072329,5235,5542
72330,5235,5122
6072330,5122,5235
72331,5122,4822
6072331,4822,5122
72332,4822,4441
6072332,4441,4822
72333,4441,4057
6072333,4057,4441
72334,4057,3753
6072334,3753,4057
72335,3753,3098
6072335,3098,3753
72336,3098,3053
6072336,3053,3098
72337,3053,2998
6072337,2998,3053
72338,2998,2209
6072338,2209,2998
72339,2209,2113
6072339,2113,2209
72340,2113,2072
6072340,2072,2113
2072341,8194,8322
8072341,8322,8194
2072344,8561,8612
8072344,8612,8561
2072345,2746,2830
8072345,2830,2746
72346,6544,6640
6072346,6640,6544
72347,6640,6695
6072347,6695,6640
72348,3419,3485
6072348,3485,3419
2072349,6256,6334
8072349,6334,6256
2072350,6199,6256
8072350,6256,6199
2072354,5231,5268
8072354,5268,5231
72355,6124,5985
6072355,5985,6124
72356,6160,6124
6072356,6124,6160
72357,6124,6746
6072357,6746,6124
72358,5619,5466
6072358,5466,5619
72359,5350,5619
6072359,5619,5350
72360,5619,5769
6072360,5769,5619
72361,5769,5912
6072361,5912,5769
72362,7193,7598
6072362,7598,7193
72363,7116,7193
6072363,7193,7116
72364,6845,7116
6072364,7116,6845
72368,2414,2537
6072368,2537,2414
72369,2414,2242
6072369,2242,2414
72370,2326,2414
6072370,2414,2326
72371,6332,6275
6072371,6275,6332
2072373,2977,2994
8072373,2994,2977
2072374,2903,2977
8072374,2977,2903
2072375,2838,2903
8072375,2903,2838
2072376,2838,2751
8072376,2751,2838
72377,7668,8207
6072377,8207,7668
72378,5998,5893
6072378,5893,5998
72379,6018,5998
6072379,5998,6018
72380,5998,5991
6072380,5991,5998
72382,5671,5616
6072382,5616,5671
72383,6056,5671
6072383,5671,6056
72384,5671,5566
6072384,5566,5671
72385,7269,7275
6072385,7275,7269
72386,7193,7188
6072386,7188,7193
2072387,5874,5979
8072387,5979,5874
2072388,5760,5874
8072388,5874,5760
2072407,8018,7987
8072407,7987,8018
2072408,7987,7923
8072408,7923,7987
2072409,7923,7807
8072409,7807,7923
2072410,7807,7762
8072410,7762,7807
2072411,7762,7679
8072411,7679,7762
2072412,7679,7518
8072412,7518,7679
2072413,8808,8705
8072413,8705,8808
72414,5210,5240
6072414,5240,5210
72415,5122,4995
6072415,4995,5122
72416,4995,5210
6072416,5210,4995
72417,5210,4602
6072417,4602,5210
72418,4036,3973
6072418,3973,4036
72419,4450,4059
6072419,4059,4450
72420,4059,4036
6072420,4036,4059
72421,4036,3677
6072421,3677,4036
72423,4136,3850
6072423,3850,4136
72424,4136,4650
6072424,4650,4136
72427,6535,6536
6072427,6536,6535
72429,6584,6746
6072429,6746,6584
72430,6536,6584
6072430,6584,6536
72431,6746,6887
6072431,6887,6746
72432,6887,6826
6072432,6826,6887
72433,6826,6707
6072433,6707,6826
2072434,6707,6743
8072434,6743,6707
2072435,6743,6753
8072435,6753,6743
2072436,6753,6735
8072436,6735,6753
72441,6014,6702
6072441,6702,6014
72442,5661,6014
6072442,6014,5661
72443,5429,5661
6072443,5661,5429
72444,5262,5429
6072444,5429,5262
72445,5429,5471
6072445,5471,5429
72446,7764,7763
6072446,7763,7764
72447,4700,4161
6072447,4161,4700
72448,2963,2837
6072448,2837,2963
72449,2837,2767
6072449,2767,2837
72450,2767,2430
6072450,2430,2767
72451,2430,2051
6072451,2051,2430
2072452,2489,2562
8072452,2562,2489
72453,5790,5769
6072453,5769,5790
2072454,8334,8202
8072454,8202,8334
72455,8202,8080
6072455,8080,8202
72460,4646,4812
6072460,4812,4646
72461,6412,6482
6072461,6482,6412
72462,6482,6520
6072462,6520,6482
72463,6520,6544
6072463,6544,6520
72464,6544,6535
6072464,6535,6544
72465,6265,6319
6072465,6319,6265
72466,6216,6232
6072466,6232,6216
72467,6319,6332
6072467,6332,6319
72468,6235,6311
6072468,6311,6235
72469,6311,6216
6072469,6216,6311
72470,6232,6265
6072470,6265,6232
72471,6332,6370
6072471,6370,6332
72472,6370,6412
6072472,6412,6370
72473,8027,7982
6072473,7982,8027
72474,7982,7963
6072474,7963,7982
2072475,7963,7897
8072475,7897,7963
2072476,7897,7807
8072476,7807,7897
2072477,2467,2555
8072477,2555,2467
72478,2376,2213
6072478,2213,2376
72479,2213,1858
6072479,1858,2213
72480,5262,5597
6072480,5597,5262
72481,5597,5924
6072481,5924,5597
72482,5913,5858
6072482,5858,5913
72483,5913,5977
6072483,5977,5913
72484,5712,5635
6072484,5635,5712
72485,5924,5712
6072485,5712,5924
72486,5913,5712
6072486,5712,5913
72487,3004,2919
6072487,2919,3004
72488,2919,2865
6072488,2865,2919
72489,2919,2850
6072489,2850,2919
72490,6994,7056
6072490,7056,6994
2072491,6994,7009
8072491,7009,6994
72492,6909,6850
6072492,6850,6909
72493,6909,6994
6072493,6994,6909
72494,6826,6909
6072494,6909,6826
72497,7074,7120
6072497,7120,7074
2072498,2825,2910
8072498,2910,2825
2072499,2910,2947
8072499,2947,2910
2072500,2910,2961
8072500,2961,2910
2072501,2580,2656
8072501,2656,2580
2072502,2751,2558
8072502,2558,2751
2072503,2751,2684
8072503,2684,2751
2072504,6566,6497
8072504,6497,6566
2072505,6497,6448
8072505,6448,6497
72508,6560,6559
6072508,6559,6560
72509,6830,6845
6072509,6845,6830
72510,6783,6787
6072510,6787,6783
72511,7004,6913
6072511,6913,7004
72512,6913,6840
6072512,6840,6913
72513,6840,6941
6072513,6941,6840
72514,6941,6830
6072514,6830,6941
72515,6845,6789
6072515,6789,6845
72516,6789,6783
6072516,6783,6789
72517,6787,6560
6072517,6560,6787
72518,6559,6311
6072518,6311,6559
72519,2840,2907
6072519,2907,2840
72520,2907,2914
6072520,2914,2907
72521,2904,2907
6072521,2907,2904
2072522,3154,3125
8072522,3125,3154
2072535,2377,2417
8072535,2417,2377
2072536,2479,2563
8072536,2563,2479
72537,6506,6574
6072537,6574,6506
72538,6506,6787
6072538,6787,6506
72539,6426,6506
6072539,6506,6426
72540,5117,4843
6072540,4843,5117
2072541,8302,8218
8072541,8218,8302
72543,6511,6490
6072543,6490,6511
2072544,8334,8421
8072544,8421,8334
2072545,6021,5989
8072545,5989,6021
2072546,5989,5930
8072546,5930,5989
2072547,5930,5874
8072547,5874,5930
2072548,6256,6555
8072548,6555,6256
2072549,6021,6256
8072549,6256,6021
2072550,5879,6021
8072550,6021,5879
2072551,5758,5879
8072551,5879,5758
2072552,5530,5758
8072552,5758,5530
72553,4721,5530
6072553,5530,4721
72556,3777,3936
6072556,3936,3777
72557,7666,7615
6072557,7615,7666
72558,7615,7500
6072558,7500,7615
2072559,5989,6029
8072559,6029,5989
72560,8131,8080
6072560,8080,8131
72561,8080,7828
6072561,7828,8080
72562,6265,6209
6072562,6209,6265
72563,2200,2406
6072563,2406,2200
72564,2330,2430
6072564,2430,2330
72565,2200,2330
6072565,2330,2200
72566,2209,2200
6072566,2200,2209
72567,2854,2840
6072567,2840,2854
72568,2840,2816
6072568,2816,2840
72569,2816,2767
6072569,2767,2816
72570,2430,2715
6072570,2715,2430
72571,2843,2949
6072571,2949,2843
72572,2395,2816
6072572,2816,2395
72573,2330,2262
6072573,2262,2330
72574,2398,2105
6072574,2105,2398
72575,2105,2120
6072575,2120,2105
72576,2120,2326
6072576,2326,2120
72577,2326,2673
6072577,2673,2326
72578,2673,2782
6072578,2782,2673
72579,1965,1874
6072579,1874,1965
72580,2782,2758
6072580,2758,2782
72581,2758,2583
6072581,2583,2758
2072587,7952,7942
8072587,7942,7952
2072588,7923,7952
8072588,7952,7923
2072589,8343,8491
8072589,8491,8343
2072590,7952,8343
8072590,8343,7952
72591,8116,8041
6072591,8041,8116
2072592,3065,3085
8072592,3085,3065
2072593,3092,3065
8072593,3065,3092
2072594,3097,3092
8072594,3092,3097
72599,7888,7605
6072599,7605,7888
72600,6680,6490
6072600,6490,6680
72601,6490,6412
6072601,6412,6490
72609,2213,2132
6072609,2132,2213
72610,2132,1919
6072610,1919,2132
72611,2132,1986
6072611,1986,2132
2072612,7679,7448
8072612,7448,7679
72614,4209,4732
6072614,4732,4209
2072615,1999,1808
8072615,1808,1999
2072616,1999,2273
8072616,2273,1999
2072617,1999,2086
8072617,2086,1999
2072618,2086,2060
8072618,2060,2086
72619,2017,1989
6072619,1989,2017
2072620,3209,3154
8072620,3154,3209
2072621,3154,3097
8072621,3097,3154
2072622,3097,3025
8072622,3025,3097
2072623,3025,2830
8072623,2830,3025
2072624,2830,2623
8072624,2623,2830
2072625,2623,2422
8072625,2422,2623
2072626,2422,2273
8072626,2273,2422
2072627,2273,2167
8072627,2167,2273
2072628,2167,2086
8072628,2086,2167
72629,2060,2017
6072629,2017,2060
72630,1989,1965
6072630,1965,1989
2072631,2623,2529
8072631,2529,2623
2072632,2529,2497
8072632,2497,2529
2072633,2529,2422
8072633,2422,2529
2072634,3221,3065
8072634,3065,3221
2072635,2542,2489
8072635,2489,2542
2072636,3221,3321
8072636,3321,3221
2072637,3065,2836
8072637,2836,3065
2072638,2836,2773
8072638,2773,2836
2072639,2773,2580
8072639,2580,2773
2072640,2362,2188
8072640,2188,2362
2072641,2580,2542
8072641,2542,2580
2072642,2489,2405
8072642,2405,2489
2072643,2405,2108
8072643,2108,2405
2072644,2108,2151
8072644,2151,2108
2072645,2151,2377
8072645,2377,2151
2072646,2479,2377
8072646,2377,2479
2072647,2467,2479
8072647,2479,2467
2072648,2542,2467
8072648,2467,2542
2072649,2188,2151
8072649,2151,2188
2072650,2152,2188
8072650,2188,2152
72652,5245,5271
6072652,5271,5245
72653,5271,5516
6072653,5516,5271
72654,2782,2846
6072654,2846,2782
72655,2488,2607
6072655,2607,2488
72656,2518,2488
6072656,2488,2518
72657,2488,2395
6072657,2395,2488
72658,2395,2327
6072658,2327,2395
72659,8213,8060
6072659,8060,8213
72660,2634,2712
6072660,2712,2634
72661,2634,2673
6072661,2673,2634
72662,2635,2634
6072662,2634,2635
72663,3019,2889
6072663,2889,3019
72664,2889,2854
6072664,2854,2889
72665,2854,2758
6072665,2758,2854
72666,2758,2635
6072666,2635,2758
72667,2049,1935
6072667,1935,2049
72668,2635,2518
6072668,2518,2635
72669,2518,2376
6072669,2376,2518
72670,2376,2049
6072670,2049,2376
72671,2049,2020
6072671,2020,2049
2072672,2167,2409
8072672,2409,2167
2072673,2393,2301
8072673,2301,2393
2072674,2393,2306
8072674,2306,2393
2072675,2356,2393
8072675,2393,2356
2072676,2356,2202
8072676,2202,2356
2072677,2405,2356
8072677,2356,2405
2072678,8234,8500
8072678,8500,8234
72680,7116,7302
6072680,7302,7116
72682,4964,5232
6072682,5232,4964
72684,3228,3243
6072684,3243,3228
2072685,4364,4650
8072685,4650,4364
2072686,3990,4364
8072686,4364,3990
2072687,3854,3990
8072687,3990,3854
2072688,3674,3854
8072688,3854,3674
2072689,3321,3674
8072689,3674,3321
2072690,3854,3836
8072690,3836,3854
72691,3098,3532
6072691,3532,3098
72692,3532,3521
6072692,3521,3532
2072698,3161,3173
8072698,3173,3161
2072699,3173,3200
8072699,3200,3173
2072700,3200,3221
8072700,3221,3200
2072701,3221,3209
8072701,3209,3221
2072702,3209,3113
8072702,3113,3209
72703,3113,3019
6072703,3019,3113
72704,3019,2963
6072704,2963,3019
72705,2963,3048
6072705,3048,2963
72706,3048,3053
6072706,3053,3048
72707,3214,3228
6072707,3228,3214
2072709,2825,2791
8072709,2791,2825
2072710,2836,2825
8072710,2825,2836
2072716,2838,2820
8072716,2820,2838
2072717,2791,2838
8072717,2838,2791
2072718,2563,2791
8072718,2791,2563
2072719,2563,2498
8072719,2498,2563
2072721,2563,2663
8072721,2663,2563
72724,6131,6357
6072724,6357,6131
72725,6357,6354
6072725,6354,6357
72726,6354,6180
6072726,6180,6354
72727,6354,6399
6072727,6399,6354
72728,2105,1995
6072728,1995,2105
72729,6628,6680
6072729,6680,6628
72730,6680,6713
6072730,6713,6680
72731,4716,4995
6072731,4995,4716
72732,6075,5992
6072732,5992,6075
72733,5992,5793
6072733,5793,5992
72734,3592,3719
6072734,3719,3592
72735,2200,2021
6072735,2021,2200
2072737,6743,6935
8072737,6935,6743
72738,5119,5262
6072738,5262,5119
2072739,3092,3164
8072739,3164,3092
2072740,2977,3026
8072740,3026,2977
72752,6804,6824
6072752,6824,6804
72753,6804,6641
6072753,6641,6804
72754,6641,6584
6072754,6584,6641
72759,2949,3042
6072759,3042,2949
72760,3042,3062
6072760,3062,3042
72761,3029,3042
6072761,3042,3029
72762,6707,6566
6072762,6566,6707
72763,6566,6496
6072763,6496,6566
2072764,6496,6018
8072764,6018,6496
2072765,6018,5917
8072765,5917,6018
72766,6496,6568
6072766,6568,6496
72767,6087,6131
6072767,6131,6087
72768,6131,6421
6072768,6421,6131
72769,6034,6087
6072769,6087,6034
72770,6011,6034
6072770,6034,6011
72771,5935,6011
6072771,6011,5935
72772,5699,5935
6072772,5935,5699
2072773,8278,8194
8072773,8194,8278
72774,8194,8041
6072774,8041,8194
72775,8041,7916
6072775,7916,8041
72776,7916,7678
6072776,7678,7916
72777,7296,7074
6072777,7074,7296
72778,7074,6887
6072778,6887,7074
72779,6887,5912
6072779,5912,6887
72780,5912,5232
6072780,5232,5912
72781,5232,5202
6072781,5202,5232
72782,5202,5117
6072782,5117,5202
72783,5117,4821
6072783,4821,5117
2072784,4821,4702
8072784,4702,4821
72785,7157,7301
6072785,7301,7157
72800,7598,7712
6072800,7712,7598
72801,7763,7598
6072801,7598,7763
2082604,5979,6555
8082604,6555,5979
2082605,6555,6938
8082605,6938,6555
82606,6938,7004
6082606,7004,6938
82607,7004,7144
6082607,7144,7004
82608,7144,7301
6082608,7301,7144
82609,7301,7417
6082609,7417,7301
82610,7417,7519
6082610,7519,7417
82611,7519,7585
6082611,7585,7519
2082625,8144,8180
8082625,8180,8144
2082688,8229,8139
8082688,8139,8229
2082689,8229,8269
8082689,8269,8229
2082757,8180,8298
8082757,8298,8180
2082758,8155,8180
8082758,8180,8155
2082759,8006,8155
8082759,8155,8006
82760,7226,7239
6082760,7239,7226
2082764,7635,7566
8082764,7566,7635
2082776,6442,6238
8082776,6238,6442
2082802,7299,7566
8082802,7566,7299
82803,7093,7002
6082803,7002,7093
2082804,7173,7093
8082804,7093,7173
2082805,7299,7173
8082805,7173,7299
82806,7002,6938
6082806,6938,7002
2082807,7566,7653
8082807,7653,7566
2082816,8518,8606
8082816,8606,8518
2082817,7309,7287
8082817,7287,7309
2082818,7287,7242
8082818,7242,7287
2082819,7242,7173
8082819,7173,7242
2082820,7173,7114
8082820,7114,7173
2082821,7242,7202
8082821,7202,7242
82826,7372,7490
6082826,7490,7372
82827,7635,7694
6082827,7694,7635
82828,7490,7635
6082828,7635,7490
82848,7479,7630
6082848,7630,7479
2082849,8270,8384
8082849,8384,8270
2082899,8155,8122
8082899,8122,8155
2082900,8155,8270
8082900,8270,8155
2082901,8270,8361
8082901,8361,8270
82909,7643,7490
6082909,7490,7643
82910,7656,7643
6082910,7643,7656
2082913,8792,8686
8082913,8686,8792
82994,7990,7933
6082994,7933,7990
2083000,6993,7333
8083000,7333,6993
2083052,7350,7260
8083052,7260,7350
2083053,7260,6993
8083053,6993,7260
2083054,6993,6878
8083054,6878,6993
2083055,6878,6555
8083055,6555,6878
83065,7799,7883
6083065,7883,7799
83066,7799,7643
6083066,7643,7799
83067,7643,7479
6083067,7479,7643
83068,7479,7239
6083068,7239,7479
83069,7734,7799
6083069,7799,7734
83070,7799,7871
6083070,7871,7799
2083071,8139,8163
8083071,8163,8139
2083072,8139,8072
8083072,8072,8139
2083136,8326,8383
8083136,8383,8326
2083139,7646,7853
8083139,7853,7646
83164,7144,7239
6083164,7239,7144
83165,7239,7372
6083165,7372,7239
2083166,7372,7299
8083166,7299,7372
2083167,7093,7051
8083167,7051,7093
2083178,7002,6949
8083178,6949,7002
83185,7837,7709
6083185,7709,7837
2083191,8446,8514
8083191,8514,8446
2083197,8380,8518
8083197,8518,8380
2083198,8518,8514
8083198,8514,8518
2083199,8514,8592
8083199,8592,8514
2083235,7350,7462
8083235,7462,7350
2083246,8361,8436
8083246,8436,8361
2083247,8245,8361
8083247,8361,8245
2083248,7990,8245
8083248,8245,7990
83249,7837,7990
6083249,7990,7837
83250,7752,7837
6083250,7837,7752
83251,7585,7752
6083251,7752,7585
2083452,8792,8888
8083452,8888,8792
2083585,8792,8921
8083585,8921,8792
2087199,8658,8731
8087199,8731,8658
2087200,8731,8873
8087200,8873,8731
2087203,8213,8251
8087203,8251,8213
87204,7585,7712
6087204,7712,7585
87205,7903,7956
6087205,7956,7903
87206,7956,8213
6087206,8213,7956
2087213,8683,8537
8087213,8537,8683
2087214,8537,8421
8087214,8421,8537
2087215,8421,8278
8087215,8278,8421
2087217,8557,8646
8087217,8646,8557
2087218,8357,8557
8087218,8557,8357
2087223,8597,8714
8087223,8714,8597
2087224,8597,8519
8087224,8519,8597
2087225,8519,8449
8087225,8449,8519
87228,7712,7903
6087228,7903,7712
2087233,8626,8448
8087233,8448,8626
2087234,8556,8855
8087234,8855,8556
2087235,8436,8556
8087235,8556,8436
2087241,8971,8837
8087241,8837,8971
2087242,8837,8743
8087242,8743,8837
2087243,8743,8813
8087243,8813,8743
2087244,8684,8743
8087244,8743,8684
2087245,8557,8684
8087245,8684,8557
2087246,8557,8447
8087246,8447,8557
2087247,8714,8798
8087247,8798,8714
2087248,8684,8673
8087248,8673,8684
2087252,8663,8625
8087252,8625,8663
2087253,8867,8663
8087253,8663,8867
2087254,8855,8867
8087254,8867,8855
2087256,8519,8516
8087256,8516,8519
2087258,8597,8762
8087258,8762,8597
2087261,8837,8824
8087261,8824,8837
2087266,8592,8663
8087266,8663,8592
2087267,8683,8763
8087267,8763,8683
2087269,8867,8927
8087269,8927,8867
87276,7991,7837
6087276,7837,7991
2087278,8537,8626
8087278,8626,8537
2087279,8626,8634
8087279,8634,8626
